 422904.000000 
 423707.000000 
 422837.000000 
 423393.000000 
 422806.000000 
 423671.000000 
 423686.000000 
 423731.000000 
 424076.000000 
 424385.000000 
 424638.000000 
 424266.000000 
 424222.000000 
 424183.000000 
 424262.000000 
 425472.000000 
 433027.000000 
 442064.000000 
 452508.000000 
 464310.000000 
 476577.000000 
 483232.000000 
 487194.000000 
 484739.000000 
 482021.000000 
 480795.000000 
 479748.000000 
 479274.000000 
 478332.000000 
 477753.000000 
 477472.000000 
 476599.000000 
 475936.000000 
 475475.000000 
 475213.000000 
 474971.000000 
 474265.000000 
 481885.000000 
 492643.000000 
 506313.000000 
 524339.000000 
 543752.000000 
 561390.000000 
 566040.000000 
 564740.000000 
 558564.000000 
 554374.000000 
 552362.000000 
 550027.000000 
 548579.000000 
 547332.000000 
 546063.000000 
 544992.000000 
 543836.000000 
 543280.000000 
 542380.000000 
 542035.000000 
 541071.000000 
 541778.000000 
 555860.000000 
 573334.000000 
 592499.000000 
 613312.000000 
 632519.000000 
 649265.000000 
 657265.000000 
 656517.000000 
 652223.000000 
 645347.000000 
 640489.000000 
 637089.000000 
 634285.000000 
 631211.000000 
 629417.000000 
 627632.000000 
 626114.000000 
 624713.000000 
 623558.000000 
 621968.000000 
 621412.000000 
 619940.000000 
 633440.000000 
 658606.000000 
 689476.000000 
 725215.000000 
 758630.000000 
 792578.000000 
 804769.000000 
 801844.000000 
 787447.000000 
 779317.000000 
 774093.000000 
 769461.000000 
 764853.000000 
 761609.000000 
 758281.000000 
 754665.000000 
 751407.000000 
 749329.000000 
 746906.000000 
 745009.000000 
 742830.000000 
 741166.000000 
 765006.000000 
 807431.000000 
 857148.000000 
 914334.000000 
 972268.000000 
 1018947.000000 
 1031371.000000 
 1009021.000000 
 994199.000000 
 983516.000000 
 974824.000000 
 967956.000000 
 962013.000000 
 957406.000000 
 952528.000000 
 948500.000000 
 943999.000000 
 941111.000000 
 937774.000000 
 934866.000000 
 932032.000000 
 929549.000000 
 927326.000000 
 966801.000000 
 1030819.000000 
 1109091.000000 
 1199401.000000 
 1272109.000000 
 1289847.000000 
 1265414.000000 
 1246553.000000 
 1232761.000000 
 1221555.000000 
 1212533.000000 
 1204259.000000 
 1197029.000000 
 1189844.000000 
 1184025.000000 
 1178878.000000 
 1173522.000000 
 1168627.000000 
 1164301.000000 
 1161668.000000 
 1205065.000000 
 1276712.000000 
 1351273.000000 
 1434876.000000 
 1508351.000000 
 1562125.000000 
 1564487.000000 
 1537868.000000 
 1519724.000000 
 1506161.000000 
 1493765.000000 
 1483211.000000 
 1473905.000000 
 1465402.000000 
 1457721.000000 
 1450221.000000 
 1443988.000000 
 1436837.000000 
 1432135.000000 
 1432531.000000 
 1429660.000000 
 1424423.000000 
 1427755.000000 
 1465248.000000 
 1515919.000000 
 1547803.000000 
 1586045.000000 
 1626791.000000 
 1688587.000000 
 1749939.000000 
 1801733.000000 
 1827720.000000 
 1804569.000000 
 1787034.000000 
 1773085.000000 
 1760247.000000 
 1748359.000000 
 1737978.000000 
 1729168.000000 
 1724238.000000 
 1724047.000000 
 1719679.000000 
 1713621.000000 
 1709499.000000 
 1703942.000000 
 1695963.000000 
 1687966.000000 
 1681490.000000 
 1709371.000000 
 1775473.000000 
 1864106.000000 
 1964775.000000 
 2050465.000000 
 2120183.000000 
 2128494.000000 
 2102956.000000 
 2083552.000000 
 2067980.000000 
 2054477.000000 
 2042165.000000 
 2031127.000000 
 2024320.000000 
 2019394.000000 
 2009552.000000 
 1999156.000000 
 1990965.000000 
 1982946.000000 
 1974146.000000 
 1968526.000000 
 1961236.000000 
 1954542.000000 
 1968991.000000 
 2059864.000000 
 2165515.000000 
 2275705.000000 
 2374581.000000 
 2450935.000000 
 2466350.000000 
 2454019.000000 
 2432663.000000 
 2415856.000000 
 2400495.000000 
 2388701.000000 
 2378099.000000 
 2366466.000000 
 2355101.000000 
 2344254.000000 
 2333633.000000 
 2323573.000000 
 2314576.000000 
 2304481.000000 
 2295435.000000 
 2287979.000000 
 2281652.000000 
 2297343.000000 
 2371848.000000 
 2460658.000000 
 2550708.000000 
 2637982.000000 
 2726888.000000 
 2723197.000000 
 2701064.000000 
 2682603.000000 
 2668256.000000 
 2654287.000000 
 2641042.000000 
 2628264.000000 
 2616615.000000 
 2606239.000000 
 2596512.000000 
 2587319.000000 
 2578182.000000 
 2569575.000000 
 2560797.000000 
 2552846.000000 
 2545752.000000 
 2538357.000000 
 2530523.000000 
 2523489.000000 
 2516748.000000 
 2509671.000000 
 2503598.000000 
 2497992.000000 
 2492844.000000 
 2486672.000000 
 2479603.000000 
 2472978.000000 
 2467249.000000 
 2461435.000000 
 2455134.000000 
 2449524.000000 
 2443036.000000 
 2436853.000000 
 2431396.000000 
 2426046.000000 
 2420385.000000 
 2415232.000000 
 2409964.000000 
 2404260.000000 
 2399209.000000 
 2393872.000000 
 2389075.000000 
 2383648.000000 
 2379827.000000 
 2376278.000000 
 2370892.000000 
 2364966.000000 
 2360325.000000 
 2355639.000000 
 2350905.000000 
 2346237.000000 
 2341753.000000 
 2336543.000000 
 2331304.000000 
 2327305.000000 
 2322194.000000 
 2317553.000000 
 2313398.000000 
 2308316.000000 
 2303587.000000 
 2298727.000000 
 2294214.000000 
 2291054.000000 
 2288368.000000 
 2284016.000000 
 2278745.000000 
 2274780.000000 
 2269825.000000 
 2264963.000000 
 2260743.000000 
 2257260.000000 
 2252910.000000 
 2248020.000000 
 2243927.000000 
 2239324.000000 
 2234753.000000 
 2230341.000000 
 2226279.000000 
 2222763.000000 
 2218000.000000 
 2214036.000000 
 2210233.000000 
 2206268.000000 
 2204222.000000 
 2200867.000000 
 2196711.000000 
 2192010.000000 
 2188652.000000 
 2184178.000000 
 2180628.000000 
 2176311.000000 
 2172251.000000 
 2168671.000000 
 2164836.000000 
 2160457.000000 
 2156495.000000 
 2152816.000000 
 2149238.000000 
 2145559.000000 
 2141888.000000 
 2138460.000000 
 2134241.000000 
 2130694.000000 
 2128808.000000 
 2126949.000000 
 2122570.000000 
 2118324.000000 
 2114350.000000 
 2112308.000000 
 2108258.000000 
 2104805.000000 
 2100222.000000 
 2097007.000000 
 2093006.000000 
 2089674.000000 
 2085774.000000 
 2081983.000000 
 2078328.000000 
 2074943.000000 
 2070946.000000 
 2067396.000000 
 2063938.000000 
 2060971.000000 
 2057646.000000 
 2056871.000000 
 2054000.000000 
 2049878.000000 
 2045726.000000 
 2042204.000000 
 2038913.000000 
 2035255.000000 
 2032224.000000 
 2028517.000000 
 2025056.000000 
 2021349.000000 
 2017578.000000 
 2014490.000000 
 2011477.000000 
 2008033.000000 
 2004678.000000 
 2001122.000000 
 1997556.000000 
 1994716.000000 
 1991075.000000 
 1987865.000000 
 1985783.000000 
 1985259.000000 
 1982206.000000 
 1976627.000000 
 1973724.000000 
 1970405.000000 
 1966852.000000 
 1963998.000000 
 1960893.000000 
 1957842.000000 
 1954006.000000 
 1950995.000000 
 1948293.000000 
 1944905.000000 
 1941553.000000 
 1938461.000000 
 1934984.000000 
 1931805.000000 
 1928146.000000 
 1925364.000000 
 1923195.000000 
 1923269.000000 
 1921501.000000 
 1917511.000000 
 1912293.000000 
 1909411.000000 
 1905665.000000 
 1903098.000000 
 1899751.000000 
 1896771.000000 
 1893596.000000 
 1890478.000000 
 1887591.000000 
 1884247.000000 
 1880892.000000 
 1878278.000000 
 1875166.000000 
 1873203.000000 
 1870107.000000 
 1867304.000000 
 1864562.000000 
 1864587.000000 
 1865440.000000 
 1862660.000000 
 1856755.000000 
 1853467.000000 
 1849790.000000 
 1846155.000000 
 1843944.000000 
 1840936.000000 
 1837303.000000 
 1833636.000000 
 1830030.000000 
 1827471.000000 
 1824484.000000 
 1821496.000000 
 1818603.000000 
 1815950.000000 
 1812921.000000 
 1810097.000000 
 1807019.000000 
 1803781.000000 
 1801529.000000 
 1802280.000000 
 1804405.000000 
 1803038.000000 
 1798067.000000 
 1793216.000000 
 1790101.000000 
 1786126.000000 
 1782896.000000 
 1780597.000000 
 1777179.000000 
 1774254.000000 
 1770796.000000 
 1768351.000000 
 1765005.000000 
 1762406.000000 
 1759627.000000 
 1756809.000000 
 1754357.000000 
 1750717.000000 
 1747869.000000 
 1745210.000000 
 1742959.000000 
 1744543.000000 
 1747190.000000 
 1745444.000000 
 1741320.000000 
 1737288.000000 
 1733594.000000 
 1729201.000000 
 1726306.000000 
 1723615.000000 
 1720632.000000 
 1717545.000000 
 1714311.000000 
 1711528.000000 
 1708869.000000 
 1706367.000000 
 1703809.000000 
 1701138.000000 
 1698390.000000 
 1695881.000000 
 1693417.000000 
 1690833.000000 
 1692898.000000 
 1695309.000000 
 1693136.000000 
 1688621.000000 
 1685482.000000 
 1681446.000000 
 1677332.000000 
 1674931.000000 
 1672559.000000 
 1669847.000000 
 1666790.000000 
 1663455.000000 
 1661260.000000 
 1658720.000000 
 1656564.000000 
 1654407.000000 
 1652337.000000 
 1649260.000000 
 1646646.000000 
 1644551.000000 
 1645729.000000 
 1648650.000000 
 1647683.000000 
 1643748.000000 
 1640588.000000 
 1637424.000000 
 1633056.000000 
 1630822.000000 
 1628588.000000 
 1625233.000000 
 1622406.000000 
 1618573.000000 
 1616216.000000 
 1613705.000000 
 1611295.000000 
 1608062.000000 
 1606181.000000 
 1603709.000000 
 1601332.000000 
 1602155.000000 
 1606669.000000 
 1605721.000000 
 1603238.000000 
 1601530.000000 
 1598668.000000 
 1595491.000000 
 1593515.000000 
 1591933.000000 
 1589769.000000 
 1586124.000000 
 1582838.000000 
 1578956.000000 
 1575400.000000 
 1572460.000000 
 1570678.000000 
 1566837.000000 
 1563935.000000 
 1561384.000000 
 1562237.000000 
 1566372.000000 
 1566705.000000 
 1564395.000000 
 1564545.000000 
 1563021.000000 
 1559803.000000 
 1557370.000000 
 1554001.000000 
 1550209.000000 
 1546077.000000 
 1542026.000000 
 1538792.000000 
 1535897.000000 
 1533766.000000 
 1531070.000000 
 1528155.000000 
 1525544.000000 
 1523747.000000 
 1524757.000000 
 1529926.000000 
 1527829.000000 
 1526472.000000 
 1525063.000000 
 1522808.000000 
 1519255.000000 
 1517264.000000 
 1513463.000000 
 1510188.000000 
 1507208.000000 
 1503111.000000 
 1499582.000000 
 1496817.000000 
 1493904.000000 
 1491073.000000 
 1489770.000000 
 1489736.000000 
 1493913.000000 
 1493957.000000 
 1492898.000000 
 1491748.000000 
 1490685.000000 
 1487376.000000 
 1485853.000000 
 1483132.000000 
 1481318.000000 
 1479119.000000 
 1475835.000000 
 1472503.000000 
 1469724.000000 
 1467032.000000 
 1464874.000000 
 1462921.000000 
 1464968.000000 
 1467587.000000 
 1467468.000000 
 1465579.000000 
 1463890.000000 
 1460733.000000 
 1458160.000000 
 1455740.000000 
 1453214.000000 
 1450871.000000 
 1448290.000000 
 1446214.000000 
 1443259.000000 
 1441002.000000 
 1438422.000000 
 1435569.000000 
 1435968.000000 
 1439663.000000 
 1438313.000000 
 1437063.000000 
 1435559.000000 
 1433273.000000 
 1431894.000000 
 1430004.000000 
 1428394.000000 
 1425635.000000 
 1423492.000000 
 1421061.000000 
 1418646.000000 
 1416128.000000 
 1413691.000000 
 1412274.000000 
 1408927.000000 
 1407013.000000 
 1409474.000000 
 1409729.000000 
 1408254.000000 
 1406481.000000 
 1405184.000000 
 1403974.000000 
 1401446.000000 
 1399704.000000 
 1398085.000000 
 1396010.000000 
 1393889.000000 
 1392215.000000 
 1390029.000000 
 1387820.000000 
 1385455.000000 
 1383874.000000 
 1380604.000000 
 1378148.000000 
 1377393.000000 
 1379944.000000 
 1378678.000000 
 1377965.000000 
 1375837.000000 
 1373755.000000 
 1371461.000000 
 1370195.000000 
 1368834.000000 
 1366351.000000 
 1364739.000000 
 1363413.000000 
 1361441.000000 
 1359539.000000 
 1357912.000000 
 1356504.000000 
 1354234.000000 
 1352002.000000 
 1349135.000000 
 1346832.000000 
 1344594.000000 
 1342264.000000 
 1343892.000000 
 1346525.000000 
 1346233.000000 
 1344984.000000 
 1343202.000000 
 1341826.000000 
 1339121.000000 
 1338148.000000 
 1337125.000000 
 1335394.000000 
 1333690.000000 
 1332732.000000 
 1331428.000000 
 1329106.000000 
 1327880.000000 
 1325690.000000 
 1324230.000000 
 1322215.000000 
 1319562.000000 
 1317795.000000 
 1315736.000000 
 1314233.000000 
 1317238.000000 
 1315854.000000 
 1314586.000000 
 1312605.000000 
 1310887.000000 
 1308305.000000 
 1305561.000000 
 1304362.000000 
 1303275.000000 
 1302027.000000 
 1299093.000000 
 1297269.000000 
 1294982.000000 
 1293215.000000 
 1291883.000000 
 1291367.000000 
 1290831.000000 
 1287663.000000 
 1287476.000000 
 1285896.000000 
 1285431.000000 
 1289009.000000 
 1288067.000000 
 1287327.000000 
 1286772.000000 
 1284595.000000 
 1282034.000000 
 1281472.000000 
 1280336.000000 
 1278797.000000 
 1277775.000000 
 1275657.000000 
 1273798.000000 
 1272323.000000 
 1271869.000000 
 1271422.000000 
 1269427.000000 
 1267209.000000 
 1264610.000000 
 1262192.000000 
 1261691.000000 
 1262206.000000 
 1261442.000000 
 1260970.000000 
 1259905.000000 
 1258423.000000 
 1257389.000000 
 1255581.000000 
 1254971.000000 
 1253462.000000 
 1252047.000000 
 1250303.000000 
 1249021.000000 
 1248214.000000 
 1246685.000000 
 1245358.000000 
 1243581.000000 
 1241555.000000 
 1240063.000000 
 1237238.000000 
 1235439.000000 
 1235052.000000 
 1237222.000000 
 1236075.000000 
 1235423.000000 
 1234035.000000 
 1232391.000000 
 1230991.000000 
 1229056.000000 
 1228536.000000 
 1226928.000000 
 1225061.000000 
 1223615.000000 
 1222043.000000 
 1220467.000000 
 1218616.000000 
 1217146.000000 
 1215493.000000 
 1213730.000000 
 1212331.000000 
 1210859.000000 
 1208812.000000 
 1207282.000000 
 1206494.000000 
 1209021.000000 
 1208717.000000 
 1207814.000000 
 1207157.000000 
 1205080.000000 
 1204240.000000 
 1202858.000000 
 1203974.000000 
 1203313.000000 
 1201697.000000 
 1199997.000000 
 1198341.000000 
 1196761.000000 
 1194754.000000 
 1194297.000000 
 1192104.000000 
 1190203.000000 
 1188381.000000 
 1186687.000000 
 1184871.000000 
 1183356.000000 
 1183443.000000 
 1185396.000000 
 1184941.000000 
 1184003.000000 
 1182867.000000 
 1182012.000000 
 1180439.000000 
 1179085.000000 
 1177463.000000 
 1176851.000000 
 1174901.000000 
 1173239.000000 
 1171574.000000 
 1170196.000000 
 1168589.000000 
 1167323.000000 
 1165500.000000 
 1163835.000000 
 1162426.000000 
 1160679.000000 
 1161923.000000 
 1161857.000000 
 1160652.000000 
 1160215.000000 
 1158966.000000 
 1158158.000000 
 1156684.000000 
 1155734.000000 
 1154295.000000 
 1153046.000000 
 1151978.000000 
 1150471.000000 
 1149107.000000 
 1147053.000000 
 1145596.000000 
 1144142.000000 
 1143565.000000 
 1141269.000000 
 1139977.000000 
 1138474.000000 
 1139861.000000 
 1140840.000000 
 1140253.000000 
 1139558.000000 
 1138521.000000 
 1138026.000000 
 1136449.000000 
 1135272.000000 
 1134336.000000 
 1133024.000000 
 1131420.000000 
 1129926.000000 
 1129163.000000 
 1128093.000000 
 1126543.000000 
 1124645.000000 
 1123664.000000 
 1122379.000000 
 1120334.000000 
 1119556.000000 
 1118532.000000 
 1118817.000000 
 1119971.000000 
 1118868.000000 
 1118025.000000 
 1117417.000000 
 1116726.000000 
 1114734.000000 
 1113944.000000 
 1113220.000000 
 1112144.000000 
 1110549.000000 
 1109025.000000 
 1107754.000000 
 1106903.000000 
 1105864.000000 
 1104861.000000 
 1103367.000000 
 1102376.000000 
 1100858.000000 
 1099923.000000 
 1098667.000000 
 1098977.000000 
 1100060.000000 
 1099899.000000 
 1098678.000000 
 1098449.000000 
 1097749.000000 
 1096684.000000 
 1095571.000000 
 1095180.000000 
 1093760.000000 
 1092993.000000 
 1091228.000000 
 1089644.000000 
 1088937.000000 
 1087411.000000 
 1086889.000000 
 1085664.000000 
 1084265.000000 
 1083033.000000 
 1082372.000000 
 1080791.000000 
 1080879.000000 
 1070209.000000 
 1049401.000000 
 1027857.000000 
 1003730.000000 
 978697.000000 
 953120.000000 
 928201.000000 
 904967.000000 
 882962.000000 
 862262.000000 
 842658.000000 
 824945.000000 
 808604.000000 
 792535.000000 
 778705.000000 
 765465.000000 
 752745.000000 
 740707.000000 
 729207.000000 
 718132.000000 
 706584.000000 
 697259.000000 
 687566.000000 
 678453.000000 
 668779.000000 
 661230.000000 
 653471.000000 
 645640.000000 
 638639.000000 
 631022.000000 
 624969.000000 
 618368.000000 
 612673.000000 
 606827.000000 
 601753.000000 
 596435.000000 
 591373.000000 
 586626.000000 
 581635.000000 
 577605.000000 
 573155.000000 
 568950.000000 
 564678.000000 
 561588.000000 
 558429.000000 
 555418.000000 
 552084.000000 
 549055.000000 
 546610.000000 
 545046.000000 
 542869.000000 
 539434.000000 
 541366.000000 
 542607.000000 
 537649.000000 
 539188.000000 
 536579.000000 
 534119.000000 
 531082.000000 
 525963.000000 
 524121.000000 
 521919.000000 
 519275.000000 
 516396.000000 
 514029.000000 
 513032.000000 
 510906.000000 
 508740.000000 
 507792.000000 
 505565.000000 
 503881.000000 
 502129.000000 
 500412.000000 
 499405.000000 
 497332.000000 
 495943.000000 
 494007.000000 
 491954.000000 
 490364.000000 
 487446.000000 
 486435.000000 
 486247.000000 
 484847.000000 
 483994.000000 
 482199.000000 